100
1012
1014
1015
1016
1017
1018
1019
1021
1022
1023
1024
1025
1026
1028
1029
1030
1031
1032
1034
1035
1037
1038
1039
1041
1042
1043
1044
1045
1046
1047
1048
1049
1050
1051
1054
1055
1056
1068
1106
1109
1131
1145
1192
1221
1240
1260
1272
1289
1313
1356
1369
1416
1417
1418
1420
1421
1423
1424
1429
1431
1432
1434
1435
1437
1438
1439
1444
1446
1451
1473
1501
1506
1507
1509
1510
1512
1513
1532
1534
1575
1593
1607
1633
1637
1650
1702
1713
1746
1787
1803
1852
1909
1922
1924
1955
1967
1981
2021
2022
2023
